5356
0 1341 1797
1 293 1798
2 290 1796
3 1613 1803
4 1690 1807
5 30 31
6 1750 1813
7 0 35
8 10 1815
9 41 42
10 0 49
11 309 1470
12 545 1822
13 213 1824
14 0 67
15 15 82
16 85 86
17 445 452
18 781 782
19 117 118
20 125 126
21 109 127
22 581 646
23 61 62
24 133 134
25 25 142
26 149 150
27 157 158
28 165 166
29 477 1852
30 493 1609
31 173 174
32 35 177
33 1661 1853
34 181 182
35 573 670
36 189 190
37 10 192
38 197 198
39 0 221
40 221 222
41 15 227
42 229 230
43 269 1163
44 197 234
45 1557 1558
46 237 238
47 1085 1088
48 109 241
49 25 364
50 245 246
51 253 254
52 261 262
53 269 270
54 277 278
55 141 282
56 285 286
57 293 294
58 149 300
59 301 302
60 309 310
61 549 734
62 245 1159
63 317 318
64 325 326
65 333 334
66 533 765
67 349 350
68 25 353
69 25 357
70 357 358
71 149 363
72 357 364
73 365 366
74 373 374
75 509 1624
76 381 382
77 213 385
78 389 390
79 397 404
80 405 406
81 413 414
82 421 422
83 429 430
84 437 444
85 15 445
86 445 446
87 15 452
88 453 454
89 61 458
90 461 462
91 469 470
92 517 817
93 477 478
94 205 482
95 485 486
96 493 494
97 501 502
98 15 506
99 509 510
100 15 514
101 517 518
102 525 526
103 61 528
104 533 534
105 213 535
106 549 550
107 205 552
108 10 564
109 565 566
110 10 572
111 573 574
112 581 582
113 589 590
114 181 595
115 589 596
116 597 598
117 589 599
118 597 600
119 597 601
120 605 606
121 30 608
122 30 609
123 605 610
124 605 611
125 35 613
126 581 614
127 581 615
128 589 619
129 125 1526
130 621 622
131 589 623
132 621 624
133 621 625
134 165 1407
135 629 630
136 41 631
137 41 633
138 1813 1814
139 637 638
140 637 640
141 581 645
142 645 646
143 573 647
144 573 648
145 189 652
146 653 654
147 189 656
148 653 657
149 653 658
150 1477 1481
151 173 664
152 173 665
153 661 666
154 661 667
155 573 668
156 669 670
157 669 671
158 669 672
159 677 681
160 677 682
161 565 683
162 685 686
163 41 1635
164 197 692
165 693 694
166 693 695
167 205 697
168 701 702
169 701 704
170 701 705
171 557 707
172 709 710
173 709 713
174 709 714
175 717 718
176 717 719
177 725 726
178 725 729
179 725 730
180 557 731
181 549 733
182 733 734
183 557 737
184 213 739
185 541 744
186 477 934
187 525 746
188 525 748
189 749 750
190 749 752
191 749 753
192 757 758
193 757 762
194 757 763
195 533 764
196 541 765
197 773 774
198 773 777
199 773 778
200 69 780
201 469 954
202 181 598
203 525 784
204 525 785
205 69 786
206 517 790
207 789 791
208 789 792
209 517 793
210 35 49
211 797 798
212 797 802
213 797 803
214 181 804
215 805 806
216 221 807
217 1285 1290
218 517 813
219 813 816
220 813 817
221 501 818
222 821 822
223 501 823
224 509 824
225 509 825
226 821 826
227 821 827
228 829 830
229 829 831
230 85 834
231 837 838
232 837 841
233 837 842
234 501 844
235 501 845
236 845 846
237 853 854
238 237 855
239 853 856
240 853 857
241 237 859
242 861 862
243 461 983
244 861 864
245 453 996
246 197 866
247 46 1658
248 869 871
249 869 872
250 485 873
251 485 877
252 877 878
253 877 882
254 877 883
255 493 884
256 493 885
257 885 886
258 101 887
259 229 888
260 101 889
261 229 890
262 893 894
263 893 897
264 893 898
265 485 903
266 485 904
267 901 906
268 901 907
269 46 47
270 205 910
271 909 911
272 909 912
273 61 1640
274 469 918
275 917 919
276 917 920
277 469 921
278 925 926
279 925 930
280 925 931
281 477 933
282 933 934
283 109 936
284 245 942
285 941 944
286 941 945
287 245 946
288 117 1547
289 949 950
290 469 953
291 949 954
292 949 955
293 957 958
294 957 959
295 461 961
296 461 963
297 965 968
298 965 969
299 973 974
300 973 978
301 973 979
302 981 982
303 981 983
304 461 986
305 989 990
306 989 993
307 989 994
308 445 996
309 453 997
310 997 998
311 117 1004
312 85 1005
313 1005 1006
314 117 1007
315 85 1008
316 1005 1009
317 1013 1014
318 445 1017
319 1013 1018
320 1013 1019
321 1021 1022
322 261 1028
323 1029 1030
324 0 177
325 1029 1033
326 1029 1034
327 1037 1042
328 1037 1043
329 429 1044
330 429 1045
331 1045 1046
332 1045 1047
333 1045 1048
334 1053 1057
335 1053 1058
336 1061 1062
337 437 1064
338 101 1065
339 1069 1070
340 1069 1072
341 1069 1073
342 1077 1078
343 429 1080
344 429 1081
345 1085 1086
346 421 1088
347 1085 1089
348 421 1092
349 1093 1094
350 1093 1097
351 1093 1098
352 229 1099
353 229 1100
354 1101 1102
355 1101 1103
356 533 1654
357 1109 1110
358 1109 1113
359 1109 1114
360 421 1115
361 405 1116
362 1117 1118
363 413 1119
364 109 1122
365 125 1124
366 1125 1126
367 125 1127
368 1125 1128
369 1125 1129
370 1133 1134
371 405 1137
372 1133 1138
373 1133 1139
374 1141 1142
375 1469 1471
376 53 1858
377 1149 1150
378 1149 1153
379 1149 1154
380 269 1157
381 413 1118
382 245 1160
383 1157 1162
384 1157 1163
385 261 1330
386 1165 1166
387 1165 1167
388 1165 1168
389 77 78
390 1173 1176
391 253 969
392 397 1179
393 133 1180
394 421 1110
395 1181 1183
396 1181 1184
397 261 1331
398 1189 1192
399 1189 1193
400 389 1199
401 389 1201
402 253 974
403 1205 1206
404 277 1207
405 1205 1208
406 1205 1209
407 277 1211
408 1213 1214
409 389 1218
410 381 1219
411 389 1221
412 85 838
413 1221 1224
414 1221 1225
415 141 1233
416 1237 1238
417 1237 1240
418 1237 1241
419 69 1243
420 1005 1008
421 1245 1246
422 69 1248
423 1245 1250
424 1245 1251
425 373 1255
426 373 1257
427 285 1259
428 1261 1262
429 285 1263
430 1261 1265
431 1261 1266
432 1269 1270
433 253 1272
434 253 1273
435 373 1277
436 1277 1279
437 1277 1280
438 1285 1286
439 133 1182
440 357 1290
441 1285 1291
442 1293 1294
443 1301 1305
444 1301 1306
445 357 1307
446 1325 1326
447 1309 1310
448 149 1312
449 1317 1318
450 1317 1320
451 1317 1321
452 69 70
453 1325 1330
454 1325 1331
455 349 1339
456 349 1340
457 157 1342
458 157 1344
459 1349 1350
460 1349 1353
461 1349 1354
462 341 1357
463 1357 1358
464 269 1361
465 269 1362
466 325 1364
467 325 1366
468 1365 1367
469 1365 1368
470 1373 1374
471 1373 1378
472 1373 1379
473 1381 1382
474 341 1383
475 293 1384
476 1173 1177
477 1389 1392
478 1389 1393
479 1397 1398
480 1397 1402
481 1397 1403
482 1405 1406
483 1405 1407
484 317 1408
485 165 1410
486 317 1411
487 1413 1414
488 1413 1417
489 1413 1418
490 1421 1422
491 277 1423
492 277 1424
493 381 1222
494 1429 1430
495 317 1431
496 1429 1432
497 1429 1433
498 317 1435
499 301 1436
500 1437 1438
501 301 1441
502 1437 1442
503 1437 1443
504 1445 1446
505 293 1447
506 1453 1454
507 1453 1457
508 1453 1458
509 149 1462
510 301 1463
511 1461 1466
512 1461 1467
513 1469 1470
514 285 1471
515 1469 1472
516 309 1473
517 285 1474
518 1181 1182
519 1477 1482
520 141 1483
521 1485 1486
522 1653 1654
523 165 1490
524 165 1492
525 1493 1494
526 1493 1496
527 1493 1497
528 1501 1502
529 333 1503
530 133 1504
531 133 1505
532 1501 1506
533 1501 1507
534 333 1509
535 157 1510
536 157 1511
537 1517 1518
538 1517 1521
539 1517 1522
540 349 1524
541 41 1634
542 1525 1526
543 125 1527
544 349 1530
545 365 1531
546 365 1533
547 1533 1535
548 1533 1536
549 1541 1542
550 1541 1546
551 1541 1547
552 117 1548
553 1549 1550
554 413 1552
555 261 1032
556 1557 1559
557 237 1560
558 237 1563
559 1565 1566
560 381 1250
561 1565 1569
562 1565 1570
563 381 1251
564 1573 1574
565 77 1575
566 77 1576
567 437 1577
568 453 1578
569 453 1580
570 1581 1582
571 1581 1584
572 1581 1585
573 1589 1590
574 221 1593
575 1589 1594
576 1589 1595
577 1597 1598
578 493 1605
579 93 1606
580 1605 1608
581 1605 1609
582 93 1610
583 1613 1614
584 1613 1618
585 77 1620
586 509 1621
587 77 1622
588 1621 1623
589 1621 1624
590 1629 1630
591 1629 1634
592 1629 1635
593 1637 1638
594 93 94
595 365 1290
596 365 1291
597 1645 1648
598 1645 1649
599 373 1280
600 46 1657
601 1653 1658
602 1653 1659
603 533 1660
604 1661 1662
605 1661 1663
606 189 1664
607 189 1667
608 1669 1670
609 1669 1673
610 1669 1674
611 1677 1678
612 549 1684
613 1685 1686
614 549 1687
615 1685 1688
616 1685 1689
617 565 1693
618 1693 1694
619 1693 1695
620 46 1696
621 46 1699
622 1701 1702
623 1701 1705
624 1701 1706
625 35 1708
626 1709 1710
627 30 1712
628 30 1713
629 173 1716
630 1717 1718
631 405 1720
632 908 1722
633 413 1731
634 93 1736
635 25 1739
636 181 803
637 1744 1745
638 1748 1749
639 637 1748
640 333 1382
641 333 1383
642 557 1761
643 557 1762
644 860 1767
645 325 1402
646 861 1767
647 325 1403
648 61 1598
649 1778 1779
650 309 1442
651 309 1443
652 25 1785
653 301 1462
654 1792 1793
655 222 223
656 230 231
657 366 1291
658 238 239
659 534 1660
660 246 247
661 5 248
662 206 251
663 254 255
664 20 257
665 214 258
666 262 263
667 78 1575
668 270 271
669 5 275
670 278 279
671 286 287
672 294 295
673 302 303
674 1326 1332
675 310 311
676 318 319
677 326 327
678 334 341
679 342 343
680 342 344
681 350 352
682 142 353
683 358 359
684 142 364
685 366 367
686 20 370
687 374 375
688 20 377
689 1606 1610
690 382 383
691 390 391
692 102 397
693 398 399
694 406 407
695 414 415
696 422 423
697 430 438
698 438 439
699 118 1547
700 446 447
701 20 451
702 20 459
703 462 463
704 230 1099
705 470 471
706 102 473
707 438 1044
708 1389 1801
709 870 873
710 1769 1614
711 550 1687
712 1715 1810
713 1714 1811
714 550 1691
715 36 37
716 382 1251
717 174 663
718 382 1252
719 562 1819
720 50 51
721 55 56
722 278 1423
723 62 63
724 678 683
725 70 1243
726 1622 1625
727 70 71
728 78 79
729 86 87
730 958 1828
731 1174 1833
732 366 1292
733 110 111
734 5 112
735 20 113
736 358 1307
737 1190 1837
738 118 119
739 358 1308
740 126 127
741 5 134
742 414 1119
743 150 151
744 102 1847
745 158 159
746 566 1695
747 166 167
748 5 169
749 174 175
750 182 183
751 1675 1856
752 1670 1856
753 422 1115
754 190 191
755 206 207
756 214 215
757 550 734
758 734 735
759 742 743
760 526 745
761 526 746
762 750 753
763 750 754
764 758 759
765 758 763
766 758 764
767 534 765
768 206 766
769 766 767
770 766 768
771 774 775
772 774 778
773 774 779
774 70 780
775 182 803
776 782 783
777 526 785
778 526 786
779 790 791
780 518 793
781 790 794
782 518 797
783 798 799
784 222 801
785 182 802
786 798 803
787 798 804
788 806 807
789 502 814
790 814 815
791 518 817
792 502 818
793 814 819
794 334 1383
795 518 822
796 510 825
797 510 826
798 822 827
799 822 828
800 214 829
801 830 831
802 830 832
803 830 833
804 86 834
805 838 842
806 838 843
807 502 845
808 502 846
809 846 847
810 238 852
811 854 855
812 326 1403
813 854 857
814 854 858
815 326 1404
816 862 863
817 862 864
818 862 865
819 198 866
820 486 870
821 870 871
822 486 873
823 870 874
824 878 879
825 878 883
826 878 884
827 494 885
828 494 886
829 230 890
830 230 893
831 894 895
832 894 898
833 894 899
834 902 903
835 486 904
836 486 905
837 910 911
838 470 916
839 470 918
840 918 919
841 918 921
842 918 922
843 926 927
844 310 1443
845 926 931
846 926 932
847 478 934
848 934 935
849 1662 1664
850 942 943
851 246 946
852 942 947
853 246 951
854 470 954
855 950 955
856 950 956
857 958 959
858 462 963
859 254 965
860 462 966
861 966 967
862 254 969
863 966 970
864 974 979
865 974 980
866 982 983
867 982 984
868 982 985
869 462 986
870 478 479
871 486 487
872 502 503
873 510 511
874 36 513
875 518 519
876 526 527
877 534 541
878 542 543
879 550 551
880 558 559
881 1510 1511
882 558 565
883 566 567
884 310 1473
885 574 575
886 1222 1223
887 36 582
888 582 586
889 590 591
890 182 593
891 182 595
892 590 599
893 598 601
894 598 602
895 590 603
896 606 607
897 222 807
898 606 611
899 606 612
900 582 614
901 614 615
902 614 616
903 230 1098
904 622 623
905 622 625
906 622 626
907 590 627
908 94 95
909 638 639
910 638 640
911 638 641
912 36 646
913 574 648
914 190 649
915 574 650
916 190 652
917 654 655
918 654 658
919 654 659
920 1070 1770
921 662 663
922 174 664
923 454 455
924 574 670
925 670 672
926 670 673
927 678 679
928 558 683
929 678 684
930 686 687
931 558 689
932 198 692
933 694 695
934 694 696
935 47 48
936 702 705
937 702 706
938 198 865
939 710 711
940 710 714
941 710 715
942 718 719
943 718 720
944 718 721
945 542 723
946 542 727
947 726 730
948 726 731
949 1246 1247
950 1246 1251
951 1246 1252
952 1254 1255
953 1254 1256
954 374 1257
955 286 1259
956 374 1260
957 1262 1263
958 158 1344
959 1262 1266
960 1262 1267
961 1270 1271
962 254 1272
963 1278 1279
964 374 1280
965 1278 1281
966 1278 1282
967 374 1284
968 358 1285
969 1286 1287
970 358 1290
971 1286 1291
972 1286 1292
973 1294 1295
974 1302 1303
975 150 1306
976 1302 1307
977 1302 1308
978 1310 1311
979 150 1312
980 142 1313
981 1318 1321
982 1318 1322
983 1326 1327
984 262 1329
985 262 1330
986 1326 1331
987 110 1830
988 342 1335
989 550 735
990 350 1340
991 342 1341
992 1342 1343
993 1342 1344
994 158 1347
995 1350 1351
996 1350 1354
997 1350 1355
998 1358 1359
999 270 1360
1000 270 1361
1001 326 1363
1002 326 1364
1003 254 1271
1004 1366 1367
1005 1366 1369
1006 1366 1370
1007 1374 1375
1008 1542 1548
1009 1374 1379
1010 1374 1380
1011 1382 1383
1012 294 1384
1013 294 1385
1014 1390 1391
1015 1390 1394
1016 1390 1395
1017 1398 1403
1018 1398 1404
1019 1406 1407
1020 1406 1408
1021 1406 1409
1022 166 1410
1023 318 1411
1024 166 1414
1025 318 1415
1026 1414 1418
1027 1414 1419
1028 278 1422
1029 1422 1423
1030 1430 1431
1031 302 1432
1032 1430 1433
1033 1430 1434
1034 318 1435
1035 302 1436
1036 942 946
1037 1438 1439
1038 318 1440
1039 1438 1443
1040 1438 1444
1041 294 1447
1042 294 1449
1043 1454 1455
1044 150 1457
1045 1454 1458
1046 1454 1459
1047 150 1462
1048 1462 1463
1049 302 1464
1050 286 1469
1051 286 1471
1052 1470 1472
1053 1470 1473
1054 454 1583
1055 310 1477
1056 1478 1479
1057 1478 1483
1058 1478 1484
1059 1486 1487
1060 238 855
1061 166 1492
1062 166 1495
1063 1494 1497
1064 1494 1498
1065 790 793
1066 462 990
1067 446 991
1068 990 994
1069 990 995
1070 446 996
1071 454 997
1072 454 998
1073 998 999
1074 118 1002
1075 86 1003
1076 118 1004
1077 86 1005
1078 1006 1007
1079 1006 1009
1080 1006 1010
1081 1014 1015
1082 446 1017
1083 446 1018
1084 1014 1019
1085 1014 1020
1086 438 1023
1087 262 1025
1088 262 1028
1089 1030 1031
1090 1030 1034
1091 1030 1035
1092 1038 1039
1093 214 1043
1094 430 1044
1095 1046 1048
1096 1046 1049
1097 246 1159
1098 1054 1055
1099 1054 1059
1100 1054 1060
1101 1062 1063
1102 1070 1073
1103 1070 1074
1104 1078 1079
1105 430 1081
1106 1086 1087
1107 1086 1089
1108 1086 1090
1109 422 1092
1110 1094 1095
1111 422 1096
1112 1094 1098
1113 1094 1099
1114 1102 1103
1115 1102 1104
1116 1102 1105
1117 590 623
1118 406 1111
1119 1110 1114
1120 1110 1115
1121 406 1116
1122 1118 1119
1123 414 1120
1124 422 1121
1125 126 1122
1126 126 1124
1127 1126 1127
1128 1126 1129
1129 1126 1130
1130 1134 1135
1131 406 1137
1132 406 1138
1133 1134 1139
1134 1134 1140
1135 398 1143
1136 1150 1151
1137 270 1152
1138 1150 1154
1139 1150 1155
1140 886 1768
1141 270 1157
1142 246 1158
1143 1158 1159
1144 582 646
1145 398 1164
1146 1166 1168
1147 1166 1169
1148 1174 1175
1149 134 1180
1150 110 1181
1151 110 1183
1152 1182 1184
1153 1182 1185
1154 1190 1191
1155 1190 1194
1156 1198 1199
1157 1198 1200
1158 390 1201
1159 278 1203
1160 390 1204
1161 1206 1207
1162 1206 1209
1163 1206 1210
1164 50 695
1165 1214 1215
1166 382 1217
1167 566 683
1168 382 1219
1169 390 1221
1170 566 684
1171 390 1225
1172 1222 1226
1173 1222 1227
1174 1230 1231
1175 574 673
1176 70 1239
1177 1238 1241
1178 1238 1242
1179 966 971
1180 142 143
1181 478 935
1182 19 1720
1183 1190 1838
1184 1558 1560
1185 70 775
1186 94 1735
1187 1735 1736
1188 470 955
1189 814 818
1190 640 1748
1191 134 169
1192 198 1752
1193 198 1753
1194 286 1256
1195 50 1760
1196 1761 1763
1197 206 980
1198 1766 860
1199 494 1769
1200 302 1463
1201 1339 1793
1202 1341 1796
1203 1502 1503
1204 134 1504
1205 1502 1507
1206 1502 1508
1207 334 1509
1208 158 1511
1209 1510 1512
1210 158 1513
1211 1518 1519
1212 1518 1522
1213 1518 1523
1214 126 1525
1215 126 1526
1216 1526 1527
1217 350 1530
1218 142 1531
1219 366 1533
1220 1534 1535
1221 366 1536
1222 1534 1537
1223 1534 1538
1224 1542 1543
1225 118 1546
1226 1542 1547
1227 110 959
1228 278 1207
1229 1550 1551
1230 414 1552
1231 414 1553
1232 238 1558
1233 1558 1559
1234 238 1560
1235 1558 1561
1236 1566 1570
1237 1566 1571
1238 78 1574
1239 1574 1575
1240 454 1580
1241 1582 1583
1242 1582 1585
1243 1582 1586
1244 222 1588
1245 1590 1591
1246 222 1593
1247 1590 1595
1248 1590 1596
1249 62 1597
1250 62 1598
1251 478 1599
1252 1606 1607
1253 494 1609
1254 94 1610
1255 1606 1611
1256 55 1679
1257 494 1614
1258 94 1615
1259 50 1616
1260 50 1617
1261 310 1444
1262 78 1622
1263 1622 1623
1264 510 1624
1265 78 1625
1266 1622 1626
1267 510 1628
1268 1630 1631
1269 1630 1635
1270 1630 1636
1271 1638 1639
1272 62 1640
1273 62 1641
1274 1646 1647
1275 1646 1650
1276 1646 1651
1277 47 1656
1278 47 1657
1279 1654 1659
1280 1654 1660
1281 190 1662
1282 1662 1663
1283 190 1664
1284 1662 1665
1285 1670 1674
1286 1670 1675
1287 36 1639
1288 1678 1679
1289 55 1680
1290 55 1683
1291 55 1685
1292 1686 1687
1293 1686 1689
1294 1686 1690
1295 86 831
1296 566 1693
1297 1694 1695
1298 1694 1696
1299 1694 1697
1300 47 1699
1301 47 1703
1302 1702 1706
1303 1702 1707
1304 1710 1711
1305 174 1716
1306 174 1717
1307 924 1723
1308 920 1723
1309 11 479
1310 11 482
1311 16 483
1312 487 488
1313 16 490
1314 495 496
1315 42 170
1316 479 482
1317 503 504
1318 263 1023
1319 511 512
1320 263 1025
1321 183 520
1322 527 535
1323 535 536
1324 543 544
1325 11 546
1326 103 472
1327 11 552
1328 559 560
1329 567 568
1330 383 1252
1331 383 1253
1332 575 576
1333 583 584
1334 183 586
1335 279 1421
1336 591 592
1337 183 593
1338 599 600
1339 591 603
1340 599 604
1341 591 608
1342 31 609
1343 31 610
1344 607 612
1345 607 613
1346 615 616
1347 615 617
1348 615 618
1349 623 626
1350 623 627
1351 583 628
1352 583 629
1353 591 630
1354 42 631
1355 631 632
1356 631 633
1357 135 1253
1358 639 641
1359 639 642
1360 37 646
1361 191 647
1362 647 648
1363 647 649
1364 575 650
1365 575 653
1366 655 656
1367 359 1308
1368 655 659
1369 655 660
1370 175 662
1371 175 663
1372 663 664
1373 671 672
1374 575 673
1375 671 674
1376 671 675
1377 575 677
1378 559 678
1379 679 680
1380 559 683
1381 679 684
1382 679 685
1383 687 688
1384 559 689
1385 559 690
1386 703 704
1387 703 707
1388 703 708
1389 711 715
1390 711 716
1391 543 720
1392 719 721
1393 719 722
1394 543 723
1395 367 1536
1396 727 728
1397 63 1596
1398 727 732
1399 727 733
1400 551 735
1401 735 736
1402 63 1597
1403 535 739
1404 335 1363
1405 743 744
1406 527 745
1407 751 752
1408 751 755
1409 751 756
1410 759 764
1411 759 765
1412 207 766
1413 207 767
1414 767 768
1415 767 769
1416 767 770
1417 71 771
1418 71 775
1419 775 779
1420 775 780
1421 783 784
1422 527 786
1423 791 792
1424 791 794
1425 791 795
1426 223 796
1427 519 797
1428 367 1293
1429 799 800
1430 223 801
1431 519 802
1432 799 804
1433 799 805
1434 503 811
1435 503 814
1436 815 816
1437 815 819
1438 815 820
1439 519 822
1440 823 824
1441 511 826
1442 511 827
1443 519 828
1444 215 829
1445 215 830
1446 87 831
1447 831 833
1448 831 834
1449 839 840
1450 839 844
1451 839 845
1452 503 846
1453 503 847
1454 847 848
1455 495 850
1456 239 852
1457 295 1449
1458 855 858
1459 855 859
1460 863 865
1461 863 866
1462 495 867
1463 487 868
1464 487 870
1465 1607 1611
1466 871 872
1467 871 874
1468 871 875
1469 319 1415
1470 879 880
1471 879 884
1472 879 885
1473 887 888
1474 887 889
1475 231 893
1476 895 896
1477 231 897
1478 895 899
1479 895 900
1480 903 904
1481 487 905
1482 487 906
1483 911 912
1484 471 915
1485 471 916
1486 919 920
1487 919 922
1488 919 923
1489 311 1444
1490 927 928
1491 31 1712
1492 927 932
1493 927 933
1494 479 935
1495 943 944
1496 943 947
1497 943 948
1498 247 951
1499 951 952
1500 471 955
1501 103 956
1502 111 957
1503 111 959
1504 255 962
1505 311 1445
1506 255 965
1507 463 966
1508 967 968
1509 463 970
1510 967 971
1511 967 972
1512 975 976
1513 207 979
1514 207 980
1515 983 985
1516 983 986
1517 447 987
1518 303 1464
1519 319 1440
1520 519 520
1521 1805 1692
1522 551 1691
1523 583 1810
1524 31 32
1525 1853 1854
1526 37 38
1527 1 42
1528 1175 1834
1529 727 1821
1530 544 1822
1531 191 649
1532 287 288
1533 6 74
1534 1 81
1535 184 1825
1536 87 88
1537 16 89
1538 1827 1828
1539 959 1829
1540 1175 1833
1541 103 104
1542 1833 1834
1543 111 112
1544 391 1839
1545 391 1840
1546 1208 1839
1547 87 829
1548 135 136
1549 6 141
1550 1231 1845
1551 386 1845
1552 119 148
1553 26 149
1554 151 152
1555 567 1698
1556 159 160
1557 127 162
1558 167 168
1559 1 170
1560 1851 1852
1561 175 176
1562 1663 1854
1563 1856 1857
1564 191 192
1565 271 1152
1566 1 197
1567 199 200
1568 11 205
1569 6 206
1570 207 208
1571 215 216
1572 223 224
1573 231 232
1574 16 233
1575 1 234
1576 239 240
1577 143 144
1578 6 251
1579 255 256
1580 263 264
1581 119 1002
1582 271 272
1583 271 1360
1584 279 280
1585 6 282
1586 26 288
1587 295 296
1588 26 300
1589 303 304
1590 26 307
1591 311 312
1592 135 313
1593 463 464
1594 319 320
1595 327 335
1596 335 336
1597 351 352
1598 359 360
1599 26 363
1600 367 368
1601 26 371
1602 375 376
1603 367 1292
1604 383 384
1605 16 416
1606 399 400
1607 247 404
1608 103 405
1609 431 1557
1610 407 408
1611 415 416
1612 16 423
1613 431 432
1614 439 440
1615 447 448
1616 1415 1420
1617 455 456
1618 199 716
1619 247 466
1620 471 472
1621 1503 1508
1622 1503 1509
1623 359 1309
1624 159 1513
1625 1511 1514
1626 1849 1850
1627 159 1516
1628 279 1200
1629 1519 1524
1630 127 1525
1631 1527 1528
1632 143 1531
1633 143 1532
1634 1535 1536
1635 1535 1538
1636 1535 1539
1637 367 1540
1638 1543 1544
1639 119 1546
1640 1543 1548
1641 1543 1549
1642 415 1553
1643 415 1556
1644 239 1557
1645 239 1558
1646 1559 1561
1647 1559 1562
1648 1567 1568
1649 1567 1572
1650 1567 1573
1651 79 1574
1652 1575 1576
1653 455 1583
1654 223 1584
1655 1583 1586
1656 1583 1587
1657 223 1588
1658 743 1825
1659 1591 1592
1660 1591 1596
1661 1591 1597
1662 479 1599
1663 1607 1608
1664 11 60
1665 1607 1612
1666 95 1615
1667 1615 1616
1668 1623 1624
1669 79 1625
1670 1623 1626
1671 1623 1627
1672 511 1628
1673 79 1629
1674 1631 1632
1675 511 1633
1676 42 1634
1677 1631 1636
1678 1631 1637
1679 37 1638
1680 37 1639
1681 63 1641
1682 63 1643
1683 1647 1648
1684 1647 1651
1685 1647 1652
1686 1511 1512
1687 1655 1656
1688 1511 1513
1689 191 1661
1690 191 1662
1691 1663 1665
1692 1663 1666
1693 1671 1672
1694 1671 1676
1695 1671 1677
1696 1679 1680
1697 1687 1690
1698 1687 1691
1699 567 1695
1700 1695 1697
1701 1695 1698
1702 1703 1704
1703 1703 1708
1704 1703 1709
1705 31 1711
1706 1711 1712
1707 583 1715
1708 175 1717
1709 175 1718
1710 95 1719
1711 37 642
1712 1519 1523
1713 455 1587
1714 95 1734
1715 183 802
1716 1071 1077
1717 135 1488
1718 583 1745
1719 79 1573
1720 59 1738
1721 695 1759
1722 1760 1804
1723 712 1761
1724 287 1256
1725 551 1764
1726 1087 1774
1727 1095 1775
1728 1303 1781
1729 1781 1302
1730 1788 265
1731 1335 1789
1732 1793 1794
1733 1143 1144
1734 463 990
1735 447 991
1736 991 992
1737 463 995
1738 991 996
1739 991 997
1740 455 998
1741 455 999
1742 999 1000
1743 87 1002
1744 87 1003
1745 1007 1010
1746 1007 1011
1747 1015 1016
1748 447 1018
1749 447 1019
1750 1015 1020
1751 1015 1021
1752 439 1023
1753 439 1024
1754 1023 1025
1755 1031 1032
1756 1031 1035
1757 1031 1036
1758 1039 1040
1759 215 1042
1760 215 1043
1761 439 1044
1762 439 1046
1763 599 603
1764 1047 1048
1765 1047 1050
1766 1047 1051
1767 1055 1056
1768 1359 1360
1769 431 1059
1770 1055 1060
1771 1055 1061
1772 1063 1064
1773 471 956
1774 1071 1072
1775 1071 1076
1776 42 81
1777 1079 1080
1778 1087 1090
1779 1087 1091
1780 423 1096
1781 231 1097
1782 231 1098
1783 1095 1099
1784 1095 1100
1785 591 627
1786 1103 1105
1787 1103 1106
1788 407 1107
1789 407 1111
1790 1111 1112
1791 1111 1116
1792 1111 1117
1793 1119 1120
1794 423 1121
1795 127 1122
1796 1127 1130
1797 1127 1131
1798 1135 1136
1799 103 1137
1800 407 1138
1801 407 1139
1802 1135 1140
1803 1135 1141
1804 399 1143
1805 399 1144
1806 1143 1145
1807 271 1148
1808 1151 1152
1809 1151 1155
1810 1151 1156
1811 247 1158
1812 1159 1160
1813 399 1164
1814 399 1166
1815 1167 1168
1816 1167 1170
1817 1167 1171
1818 1175 1176
1819 111 1180
1820 111 1181
1821 1183 1184
1822 415 1120
1823 1183 1186
1824 1183 1187
1825 415 1121
1826 1191 1192
1827 1191 1194
1828 1191 1195
1829 567 684
1830 1199 1200
1831 1199 1201
1832 1199 1202
1833 279 1203
1834 567 685
1835 1207 1210
1836 1207 1211
1837 383 1216
1838 383 1217
1839 1223 1224
1840 391 1225
1841 1223 1227
1842 1223 1228
1843 1231 1232
1844 71 1236
1845 71 1239
1846 1239 1240
1847 1239 1243
1848 1239 1244
1849 63 64
1850 535 745
1851 1247 1252
1852 1247 1253
1853 287 1254
1854 1255 1256
1855 1255 1257
1856 1255 1258
1857 375 1260
1858 375 1264
1859 1263 1267
1860 1263 1268
1861 255 1270
1862 255 1271
1863 1271 1272
1864 1279 1280
1865 359 1281
1866 1279 1282
1867 1279 1283
1868 375 1284
1869 359 1285
1870 1287 1288
1871 375 1289
1872 1287 1292
1873 1287 1293
1874 151 1301
1875 1303 1304
1876 79 80
1877 151 1306
1878 1303 1308
1879 1303 1309
1880 1311 1312
1881 143 1313
1882 143 1315
1883 1319 1320
1884 1319 1323
1885 1319 1324
1886 263 1328
1887 263 1329
1888 1327 1332
1889 551 736
1890 351 1334
1891 343 1335
1892 1335 1336
1893 351 1340
1894 343 1341
1895 335 1342
1896 1343 1344
1897 1343 1345
1898 1343 1346
1899 159 1347
1900 159 1351
1901 71 72
1902 1351 1355
1903 1351 1356
1904 271 1359
1905 1327 1333
1906 327 1363
1907 1367 1368
1908 1367 1370
1909 1367 1371
1910 1375 1376
1911 1375 1380
1912 1375 1381
1913 295 1385
1914 135 384
1915 295 1387
1916 1391 1392
1917 1391 1395
1918 1391 1396
1919 1399 1400
1920 327 1404
1921 1407 1409
1922 1407 1410
1923 167 1414
1924 391 1204
1925 1415 1416
1926 167 1419
1927 319 1420
1928 1415 1421
1929 279 1422
1930 1423 1424
1931 303 1429
1932 303 1432
1933 1431 1434
1934 1431 1435
1935 1439 1440
1936 1439 1444
1937 1439 1445
1938 319 1446
1939 1447 1448
1940 1447 1449
1941 295 1452
1942 151 1453
1943 1455 1456
1944 151 1457
1945 239 850
1946 1455 1459
1947 1455 1460
1948 1463 1464
1949 303 1465
1950 287 1468
1951 287 1469
1952 1023 1024
1953 1471 1472
1954 1471 1474
1955 1471 1475
1956 1495 1496
1957 311 1477
1958 1479 1480
1959 311 1482
1960 1479 1484
1961 1479 1485
1962 1487 1488
1963 1495 1499
1964 167 1495
1965 1212 1826
1966 167 1499
1967 1495 1500
1968 728 733
1969 728 734
1970 736 737
1971 536 739
1972 536 740
1973 184 744
1974 536 745
1975 536 747
1976 752 753
1977 752 756
1978 752 757
1979 528 760
1980 760 761
1981 208 767
1982 72 768
1983 208 769
1984 768 770
1985 768 771
1986 1640 1641
1987 776 777
1988 776 781
1989 776 782
1990 784 785
1991 136 1488
1992 224 792
1993 792 795
1994 792 796
1995 800 801
1996 520 802
1997 800 805
1998 800 806
1999 1179 1836
2000 504 809
2001 808 810
2002 504 811
2003 816 817
2004 816 820
2005 816 821
2006 424 1076
2007 824 825
2008 512 827
2009 520 828
2010 88 829
2011 216 830
2012 216 832
2013 832 833
2014 832 835
2015 832 836
2016 51 52
2017 840 841
2018 840 845
2019 840 846
2020 504 847
2021 504 848
2022 848 849
2023 496 850
2024 496 851
2025 1448 1450
2026 856 857
2027 856 860
2028 864 865
2029 488 867
2030 488 868
2031 496 869
2032 872 875
2033 872 876
2034 880 881
2035 880 885
2036 880 886
2037 888 889
2038 888 890
2039 888 891
2040 232 897
2041 1648 1653
2042 896 900
2043 896 901
2044 232 902
2045 80 1634
2046 904 905
2047 488 906
2048 96 907
2049 480 908
2050 912 913
2051 200 914
2052 472 915
2053 920 923
2054 920 924
2055 432 1557
2056 928 929
2057 928 933
2058 928 934
2059 936 937
2060 936 938
2061 944 945
2062 944 948
2063 944 949
2064 104 950
2065 952 953
2066 104 956
2067 248 957
2068 256 960
2069 960 961
2070 960 962
2071 112 957
2072 968 969
2073 464 970
2074 968 972
2075 968 973
2076 464 975
2077 976 977
2078 208 978
2079 208 979
2080 448 984
2081 984 985
2082 448 987
2083 984 988
2084 480 481
2085 1104 1107
2086 120 1081
2087 17 489
2088 17 495
2089 496 497
2090 504 505
2091 512 513
2092 1848 1849
2093 528 529
2094 43 534
2095 536 537
2096 224 796
2097 544 545
2098 96 489
2099 552 553
2100 280 1421
2101 560 561
2102 43 565
2103 568 569
2104 7 571
2105 192 572
2106 576 577
2107 7 578
2108 584 585
2109 7 592
2110 600 601
2111 600 604
2112 600 605
2113 592 608
2114 608 609
2115 32 610
2116 32 611
2117 616 618
2118 616 619
2119 624 625
2120 584 629
2121 592 630
2122 632 633
2123 632 634
2124 632 635
2125 640 641
2126 640 643
2127 640 644
2128 192 647
2129 648 649
2130 648 650
2131 648 651
2132 576 653
2133 576 657
2134 656 660
2135 656 661
2136 176 662
2137 240 431
2138 664 665
2139 672 673
2140 560 674
2141 672 675
2142 672 676
2143 576 677
2144 560 678
2145 680 681
2146 576 682
2147 680 685
2148 680 686
2149 184 689
2150 560 690
2151 560 691
2152 51 693
2153 51 695
2154 552 697
2155 1672 1678
2156 704 705
2157 704 708
2158 704 709
2159 272 1358
2160 200 711
2161 712 713
2162 200 716
2163 552 717
2164 544 718
2165 544 720
2166 720 721
2167 720 723
2168 720 724
2169 728 729
2170 224 225
2171 232 233
2172 96 424
2173 17 240
2174 112 248
2175 248 249
2176 256 257
2177 21 264
2178 1680 1681
2179 272 273
2180 248 275
2181 280 281
2182 27 292
2183 1128 1132
2184 296 297
2185 304 305
2186 288 307
2187 56 57
2188 312 313
2189 104 1137
2190 27 327
2191 328 329
2192 1088 1093
2193 128 334
2194 27 335
2195 336 337
2196 27 342
2197 27 344
2198 344 345
2199 21 356
2200 360 361
2201 368 1293
2202 368 369
2203 288 371
2204 376 377
2205 384 387
2206 392 393
2207 128 396
2208 400 401
2209 408 409
2210 416 423
2211 17 424
2212 424 425
2213 240 850
2214 21 430
2215 17 431
2216 432 433
2217 48 49
2218 21 438
2219 440 441
2220 512 828
2221 448 449
2222 456 457
2223 464 465
2224 464 1001
2225 1384 1799
2226 120 1802
2227 1144 1146
2228 432 1059
2229 1688 1806
2230 496 867
2231 440 1049
2232 7 29
2233 1811 1812
2234 32 33
2235 192 1815
2236 184 1818
2237 43 44
2238 584 630
2239 563 1820
2240 2 52
2241 384 1253
2242 280 1420
2243 80 81
2244 1826 1827
2245 2 95
2246 17 96
2247 104 105
2248 2 193
2249 88 119
2250 21 120
2251 1208 1841
2252 128 129
2253 368 1294
2254 112 134
2255 488 907
2256 360 1309
2257 1232 1846
2258 360 1310
2259 152 153
2260 808 809
2261 480 924
2262 160 161
2263 168 169
2264 376 1289
2265 416 1121
2266 7 176
2267 480 929
2268 184 185
2269 568 685
2270 568 686
2271 2 199
2272 200 201
2273 208 209
2274 88 214
2275 216 217
2276 216 1041
2277 72 771
2278 917 1729
2279 64 65
2280 1731 1732
2281 1555 1733
2282 1552 1731
2283 27 156
2284 488 489
2285 472 956
2286 1734 1719
2287 144 145
2288 624 1742
2289 400 1169
2290 186 1738
2291 696 1758
2292 1617 1760
2293 712 1763
2294 424 431
2295 1764 737
2296 72 73
2297 856 1766
2298 1771 1772
2299 1297 1778
2300 1296 1778
2301 984 987
2302 512 1633
2303 1726 1719
2304 357 1739
2305 312 1445
2306 312 1446
2307 1789 1790
2308 1791 1792
2309 1024 1026
2310 152 1298
2311 1496 1501
2312 304 1465
2313 1504 1505
2314 128 1509
2315 344 1510
2316 1512 1514
2317 1512 1515
2318 160 1516
2319 160 1520
2320 1520 1521
2321 1520 1525
2322 1520 1526
2323 1528 1529
2324 144 1532
2325 144 1534
2326 320 1446
2327 1536 1539
2328 1536 1540
2329 1544 1545
2330 1544 1549
2331 1544 1550
2332 1552 1553
2333 416 1556
2334 240 1557
2335 432 1559
2336 1560 1561
2337 1560 1563
2338 1560 1564
2339 1568 1569
2340 80 1572
2341 1568 1573
2342 1568 1574
2343 1576 1577
2344 224 1581
2345 224 1584
2346 1584 1585
2347 456 1587
2348 1584 1588
2349 1584 1589
2350 456 1592
2351 64 1595
2352 64 1596
2353 1592 1597
2354 1592 1598
2355 1600 1601
2356 1600 1602
2357 1608 1609
2358 1608 1612
2359 1608 1613
2360 51 1615
2361 51 1616
2362 1616 1617
2363 1624 1627
2364 1624 1628
2365 80 1629
2366 256 962
2367 1632 1633
2368 176 578
2369 1632 1637
2370 1632 1638
2371 512 1639
2372 528 1640
2373 1640 1642
2374 64 1643
2375 64 1646
2376 1648 1649
2377 1648 1652
2378 232 1097
2379 48 1655
2380 48 1656
2381 1656 1657
2382 480 1723
2383 192 1661
2384 1664 1665
2385 1664 1667
2386 1664 1668
2387 176 585
2388 1672 1673
2389 1672 1677
2390 96 97
2391 56 1679
2392 477 1851
2393 56 1685
2394 56 1688
2395 1688 1689
2396 1688 1692
2397 43 1693
2398 1696 1697
2399 568 1698
2400 1696 1699
2401 1696 1700
2402 568 1702
2403 48 1703
2404 1704 1705
2405 48 1708
2406 1704 1709
2407 1704 1710
2408 32 1711
2409 1712 1713
2410 584 1715
2411 584 1718
2412 199 1726
2413 1787 1786
2414 480 1722
2415 240 495
2416 912 1724
2417 909 1722
2418 1724 1725
2419 1831 1832
2420 200 1726
2421 264 356
2422 1240 1245
2423 136 1247
2424 1248 1249
2425 136 1253
2426 288 1254
2427 1256 1258
2428 1256 1259
2429 376 1264
2430 1264 1265
2431 376 1269
2432 1264 1270
2433 1272 1273
2434 1552 1733
2435 360 1278
2436 360 1281
2437 1280 1283
2438 1280 1284
2439 1288 1289
2440 1288 1293
2441 1288 1294
2442 376 1295
2443 1296 1297
2444 1296 1298
2445 152 1301
2446 1304 1305
2447 1304 1309
2448 1304 1310
2449 144 1315
2450 43 1660
2451 144 1318
2452 1320 1321
2453 1320 1324
2454 1320 1325
2455 264 1328
2456 1328 1329
2457 352 1334
2458 344 1335
2459 1336 1337
2460 352 1340
2461 336 1342
2462 336 1343
2463 1344 1346
2464 1344 1347
2465 160 1351
2466 1352 1353
2467 368 1540
2468 160 1356
2469 1352 1357
2470 1352 1358
2471 272 1359
2472 1360 1361
2473 336 1363
2474 336 1365
2475 1408 1412
2476 80 1573
2477 1368 1371
2478 1368 1372
2479 1376 1377
2480 328 1378
2481 368 1545
2482 1376 1381
2483 1376 1382
2484 1384 1385
2485 1384 1386
2486 296 1387
2487 296 1390
2488 1392 1393
2489 1392 1396
2490 1392 1397
2491 1400 1401
2492 1408 1409
2493 1408 1411
2494 1336 1790
2495 392 1831
2496 168 1419
2497 320 1420
2498 1416 1421
2499 392 1832
2500 1424 1425
2501 304 1427
2502 304 1429
2503 1432 1433
2504 1432 1436
2505 1432 1437
2506 120 430
2507 32 1710
2508 1440 1445
2509 1440 1446
2510 1448 1449
2511 152 1450
2512 1448 1451
2513 296 1452
2514 152 1453
2515 1416 1417
2516 296 1456
2517 1456 1460
2518 1456 1461
2519 1464 1465
2520 304 1466
2521 288 1468
2522 1472 1473
2523 1472 1475
2524 1472 1476
2525 1416 1422
2526 1480 1481
2527 312 1482
2528 1480 1485
2529 1480 1486
2530 136 1487
2531 312 1488
2532 328 1489
2533 1496 1497
2534 168 1499
2535 1496 1500
2536 992 993
2537 464 995
2538 992 997
2539 992 998
2540 456 999
2541 456 1000
2542 1000 1001
2543 88 1002
2544 1008 1009
2545 1008 1012
2546 1008 1013
2547 448 1019
2548 448 1020
2549 1016 1021
2550 1016 1022
2551 264 1023
2552 440 1024
2553 1024 1025
2554 440 1026
2555 1024 1027
2556 1264 1269
2557 1032 1036
2558 1032 1037
2559 1040 1041
2560 216 1042
2561 440 1046
2562 1048 1049
2563 1048 1051
2564 1048 1052
2565 1056 1057
2566 424 1059
2567 432 1060
2568 1056 1061
2569 1056 1062
2570 1072 1073
2571 96 1076
2572 1072 1077
2573 1072 1078
2574 1080 1081
2575 56 1678
2576 1088 1089
2577 1088 1092
2578 7 585
2579 232 1096
2580 1096 1097
2581 1798 1799
2582 408 1104
2583 1104 1105
2584 408 1107
2585 1104 1108
2586 168 1504
2587 1112 1113
2588 1112 1117
2589 1112 1118
2590 1120 1121
2591 397 1836
2592 1128 1129
2593 176 1718
2594 104 1132
2595 1128 1133
2596 1839 1841
2597 264 438
2598 408 1139
2599 408 1140
2600 1136 1141
2601 1136 1142
2602 400 1144
2603 1144 1145
2604 400 1146
2605 1144 1147
2606 272 1148
2607 1152 1156
2608 1152 1157
2609 256 1269
2610 1160 1161
2611 256 1270
2612 400 1166
2613 1168 1169
2614 392 1170
2615 1168 1171
2616 1168 1172
2617 136 137
2618 1176 1177
2619 1176 1178
2620 112 1180
2621 1184 1185
2622 1184 1187
2623 1184 1188
2624 272 1145
2625 1192 1193
2626 392 1194
2627 1192 1195
2628 1192 1196
2629 128 1197
2630 280 1198
2631 280 1200
2632 1200 1202
2633 1200 1203
2634 1208 1209
2635 1208 1212
2636 248 1215
2637 384 1216
2638 1216 1217
2639 1216 1218
2640 1224 1225
2641 1224 1228
2642 1224 1229
2643 72 1234
2644 72 1236
2645 168 1425
2646 1240 1241
2647 1240 1244
2648 985 989
2649 441 1053
2650 993 994
2651 993 998
2652 993 999
2653 457 1000
2654 465 1001
2655 1009 1010
2656 1009 1013
2657 1009 1014
2658 1017 1018
2659 449 1020
2660 449 1021
2661 113 1022
2662 441 1026
2663 1025 1027
2664 1025 1028
2665 441 1029
2666 1033 1034
2667 1033 1038
2668 1033 1039
2669 217 1040
2670 217 1041
2671 1041 1042
2672 441 1049
2673 1049 1052
2674 1049 1053
2675 425 1054
2676 1057 1058
2677 425 1059
2678 433 1060
2679 433 1061
2680 1057 1062
2681 1057 1063
2682 57 1678
2683 409 1102
2684 1065 1066
2685 1065 1067
2686 97 1071
2687 1073 1074
2688 97 1076
2689 425 1077
2690 1073 1078
2691 1073 1079
2692 417 1082
2693 265 1084
2694 265 1087
2695 1089 1090
2696 1089 1093
2697 1089 1094
2698 233 1096
2699 1097 1098
2700 417 1101
2701 521 528
2702 121 350
2703 409 1104
2704 1105 1106
2705 1105 1108
2706 1105 1109
2707 1113 1114
2708 1113 1118
2709 1113 1119
2710 105 1128
2711 1129 1130
2712 105 1132
2713 1129 1133
2714 1129 1134
2715 1137 1138
2716 113 370
2717 409 1140
2718 409 1141
2719 121 1142
2720 273 1143
2721 273 1145
2722 401 1146
2723 1145 1147
2724 1145 1148
2725 401 1149
2726 1153 1154
2727 1153 1158
2728 1153 1159
2729 1161 1162
2730 241 1163
2731 393 1167
2732 401 1169
2733 393 1170
2734 1169 1172
2735 1169 1173
2736 1177 1178
2737 1177 1179
2738 273 1358
2739 1185 1188
2740 1185 1189
2741 129 1193
2742 393 1194
2743 393 1195
2744 1193 1196
2745 1193 1197
2746 281 1198
2747 1201 1202
2748 1201 1204
2749 1201 1205
2750 217 218
2751 1209 1210
2752 1209 1212
2753 1209 1213
2754 249 1214
2755 249 1215
2756 1217 1218
2757 1217 1219
2758 1217 1220
2759 1225 1229
2760 385 1230
2761 73 1233
2762 73 1234
2763 1233 1235
2764 1241 1242
2765 1241 1245
2766 1241 1246
2767 137 1247
2768 1249 1250
2769 1257 1258
2770 1257 1260
2771 1257 1261
2772 1265 1266
2773 1641 1642
2774 129 1197
2775 377 1269
2776 1265 1270
2777 1265 1271
2778 1273 1274
2779 401 1173
2780 361 1276
2781 361 1278
2782 1281 1282
2783 1281 1285
2784 1281 1286
2785 1289 1294
2786 1289 1295
2787 153 1296
2788 1297 1298
2789 1297 1299
2790 1297 1300
2791 1305 1306
2792 1305 1310
2793 1305 1311
2794 353 1313
2795 1313 1314
2796 1313 1315
2797 697 698
2798 145 1318
2799 1321 1322
2800 1321 1325
2801 1321 1326
2802 1329 1330
2803 345 1335
2804 345 1336
2805 1337 1338
2806 337 1343
2807 337 1345
2808 1345 1346
2809 1649 1653
2810 1345 1348
2811 1345 1349
2812 1353 1354
2813 161 1356
2814 273 1357
2815 1353 1358
2816 1353 1359
2817 1361 1362
2818 337 1365
2819 337 1368
2820 1369 1370
2821 1369 1373
2822 1369 1374
2823 321 1378
2824 329 1379
2825 1377 1382
2826 1377 1383
2827 1385 1386
2828 1385 1387
2829 1385 1388
2830 289 1389
2831 297 1390
2832 289 1393
2833 297 1394
2834 1393 1397
2835 1393 1398
2836 321 1399
2837 1401 1402
2838 121 411
2839 1409 1410
2840 1409 1412
2841 1409 1413
2842 1417 1418
2843 281 1420
2844 1417 1422
2845 1417 1423
2846 169 1425
2847 305 1426
2848 305 1427
2849 1433 1434
2850 1433 1437
2851 1433 1438
2852 433 1562
2853 1441 1442
2854 313 1446
2855 153 1448
2856 153 1450
2857 1449 1451
2858 1449 1452
2859 297 1456
2860 1457 1458
2861 297 1461
2862 1457 1462
2863 1457 1463
2864 1337 1791
2865 1465 1466
2866 305 1467
2867 1473 1476
2868 1473 1477
2869 1481 1482
2870 201 706
2871 1481 1487
2872 313 1488
2873 329 1489
2874 1489 1490
2875 1489 1491
2876 1497 1498
2877 1497 1501
2878 1497 1502
2879 169 1504
2880 1505 1506
2881 129 1508
2882 129 1509
2883 345 1510
2884 1742 1743
2885 1513 1514
2886 1513 1516
2887 1513 1517
2888 161 1520
2889 1521 1522
2890 161 1525
2891 145 146
2892 1521 1527
2893 1529 1530
2894 145 1534
2895 145 1537
2896 1537 1538
2897 1537 1541
2898 1537 1542
2899 369 1545
2900 1545 1550
2901 1545 1551
2902 1553 1555
2903 1553 1556
2904 137 1242
2905 433 1559
2906 1561 1562
2907 1561 1564
2908 1561 1565
2909 1569 1570
2910 81 1572
2911 1569 1574
2912 1569 1575
2913 225 1579
2914 225 1581
2915 89 90
2916 1585 1589
2917 1585 1590
2918 457 1592
2919 1593 1594
2920 65 1595
2921 457 1598
2922 89 1600
2923 1601 1602
2924 1601 1603
2925 1601 1604
2926 1609 1613
2927 1609 1614
2928 1617 1618
2929 1625 1626
2930 369 1294
2931 1625 1629
2932 1625 1630
2933 369 1295
2934 81 1634
2935 38 1637
2936 1633 1638
2937 1633 1639
2938 529 1640
2939 65 1594
2940 1641 1643
2941 1641 1644
2942 361 1310
2943 65 1646
2944 361 1311
2945 89 1556
2946 1649 1654
2947 49 1655
2948 1657 1658
2949 1665 1666
2950 1665 1668
2951 1665 1669
2952 1673 1674
2953 57 1677
2954 1673 1678
2955 1673 1679
2956 57 1688
2957 1689 1690
2958 57 1692
2959 377 1295
2960 1697 1698
2961 1697 1700
2962 1697 1701
2963 569 1702
2964 1705 1706
2965 569 1707
2966 49 1708
2967 1705 1710
2968 1705 1711
2969 585 1718
2970 913 1725
2971 1730 412
2972 1521 1526
2973 412 1732
2974 1553 1733
2975 177 807
2976 38 642
2977 625 1743
2978 137 1486
2979 1741 1740
2980 1746 634
2981 1756 1757
2982 1618 1803
2983 694 1758
2984 707 1761
2985 1761 1762
2986 897 902
2987 57 58
2988 1081 1773
2989 105 950
2990 154 1777
2991 353 1782
2992 354 1784
2993 1183 1830
2994 153 1298
2995 305 1466
2996 265 1774
2997 1790 1791
2998 1795 1796
2999 1796 1797
3000 257 1269
3001 145 1322
3002 1689 1807
3003 1757 1763
3004 38 39
3005 561 1819
3006 1297 1779
3007 1233 1234
3008 12 61
3009 65 66
3010 49 67
3011 73 74
3012 744 1825
3013 481 935
3014 1213 1826
3015 97 98
3016 105 106
3017 113 114
3018 22 121
3019 121 122
3020 129 130
3021 1225 1843
3022 1232 1844
3023 153 154
3024 161 162
3025 137 138
3026 1815 1853
3027 177 178
3028 732 1816
3029 1681 1858
3030 193 194
3031 193 199
3032 201 202
3033 209 210
3034 12 212
3035 769 772
3036 177 221
3037 225 226
3038 569 686
3039 81 234
3040 569 687
3041 241 242
3042 249 250
3043 329 1491
3044 553 717
3045 265 266
3046 22 267
3047 241 268
3048 273 274
3049 169 275
3050 577 682
3051 537 747
3052 529 760
3053 289 290
3054 297 298
3055 305 306
3056 161 1362
3057 281 320
3058 321 322
3059 321 328
3060 329 330
3061 337 338
3062 345 346
3063 22 350
3064 22 352
3065 361 362
3066 369 370
3067 257 377
3068 385 386
3069 281 387
3070 393 394
3071 401 402
3072 409 410
3073 22 411
3074 89 416
3075 22 417
3076 417 418
3077 513 1639
3078 233 423
3079 425 426
3080 433 434
3081 313 320
3082 441 442
3083 113 1551
3084 449 450
3085 113 451
3086 457 1001
3087 457 458
3088 257 459
3089 12 465
3090 473 474
3091 481 482
3092 233 483
3093 201 914
3094 345 1512
3095 89 490
3096 489 495
3097 497 498
3098 505 506
3099 513 520
3100 12 521
3101 521 522
3102 12 528
3103 529 530
3104 1585 1586
3105 537 538
3106 185 541
3107 545 546
3108 553 554
3109 185 558
3110 561 562
3111 529 1642
3112 569 570
3113 577 578
3114 585 592
3115 593 594
3116 593 595
3117 601 602
3118 601 605
3119 601 606
3120 38 1638
3121 609 610
3122 177 613
3123 617 618
3124 617 620
3125 617 621
3126 1481 1486
3127 625 626
3128 625 628
3129 585 630
3130 633 635
3131 633 636
3132 38 639
3133 641 642
3134 641 644
3135 641 645
3136 649 651
3137 649 652
3138 577 657
3139 657 658
3140 577 662
3141 657 663
3142 665 666
3143 1296 1777
3144 561 671
3145 561 674
3146 673 676
3147 673 677
3148 681 682
3149 681 686
3150 681 687
3151 577 688
3152 185 689
3153 689 690
3154 561 691
3155 193 693
3156 329 1378
3157 553 697
3158 553 698
3159 697 699
3160 489 907
3161 705 706
3162 705 709
3163 705 710
3164 201 711
3165 713 714
3166 193 716
3167 545 717
3168 545 718
3169 553 719
3170 721 722
3171 721 724
3172 721 725
3173 729 730
3174 729 734
3175 729 735
3176 545 738
3177 537 740
3178 537 741
3179 137 1487
3180 185 744
3181 745 746
3182 745 747
3183 1663 1853
3184 537 750
3185 753 754
3186 753 757
3187 753 758
3188 521 760
3189 529 761
3190 761 762
3191 73 766
3192 73 768
3193 209 769
3194 769 770
3195 209 772
3196 769 773
3197 777 778
3198 521 781
3199 777 782
3200 777 783
3201 785 786
3202 225 789
3203 225 792
3204 793 794
3205 793 797
3206 793 798
3207 801 806
3208 801 807
3209 505 808
3210 505 809
3211 809 810
3212 809 811
3213 809 812
3214 657 662
3215 817 821
3216 817 822
3217 825 826
3218 513 828
3219 121 1530
3220 217 832
3221 833 834
3222 217 835
3223 833 836
3224 833 837
3225 841 842
3226 841 846
3227 841 847
3228 505 848
3229 505 849
3230 497 851
3231 497 853
3232 857 858
3233 857 860
3234 857 861
3235 865 866
3236 489 867
3237 497 869
3238 209 978
3239 497 872
3240 369 1551
3241 873 874
3242 873 877
3243 873 878
3244 881 886
3245 12 458
3246 889 891
3247 889 892
3248 897 898
3249 97 901
3250 233 902
3251 897 903
3252 905 906
3253 97 907
3254 481 908
3255 481 910
3256 201 913
3257 913 914
3258 921 922
3259 921 925
3260 921 926
3261 481 929
3262 473 930
3263 929 934
3264 929 935
3265 241 936
3266 937 938
3267 937 939
3268 937 940
3269 105 945
3270 945 949
3271 945 950
3272 953 954
3273 249 957
3274 249 958
3275 257 960
3276 961 962
3277 961 963
3278 961 964
3279 969 973
3280 969 974
3281 465 975
3282 209 977
3283 977 978
3284 425 1076
3285 449 982
3286 449 984
3287 985 986
3288 65 1650
3289 985 988
3290 1242 1246
3291 1242 1247
3292 378 1248
3293 1250 1251
3294 1194 1838
3295 1258 1259
3296 1050 1054
3297 1258 1262
3298 1266 1267
3299 1266 1271
3300 1266 1272
3301 266 1082
3302 282 1274
3303 362 1275
3304 362 1276
3305 266 1084
3306 1282 1286
3307 1282 1287
3308 1290 1291
3309 370 1295
3310 154 1296
3311 1298 1300
3312 1298 1301
3313 1306 1311
3314 1306 1312
3315 1314 1315
3316 1314 1316
3317 1314 1317
3318 354 1319
3319 146 1322
3320 354 1323
3321 1322 1326
3322 1322 1327
3323 1330 1331
3324 258 1333
3325 266 1334
3326 346 1336
3327 346 1337
3328 1338 1339
3329 338 1345
3330 1346 1347
3331 338 1348
3332 1346 1349
3333 1346 1350
3334 1354 1355
3335 274 1357
3336 1354 1359
3337 1354 1360
3338 306 314
3339 162 1362
3340 338 1368
3341 1370 1371
3342 338 1372
3343 322 1373
3344 1370 1374
3345 1370 1375
3346 322 1378
3347 1378 1379
3348 330 1380
3349 1386 1388
3350 1386 1389
3351 23 396
3352 290 1393
3353 298 1394
3354 1394 1395
3355 290 1398
3356 298 1399
3357 1394 1400
3358 1402 1403
3359 314 1405
3360 1410 1413
3361 1410 1414
3362 514 808
3363 1418 1419
3364 1418 1423
3365 1418 1424
3366 306 1426
3367 1426 1427
3368 1426 1428
3369 1434 1435
3370 1434 1438
3371 1434 1439
3372 1442 1443
3373 330 1491
3374 154 1447
3375 154 1448
3376 1450 1451
3377 1450 1453
3378 1450 1454
3379 1066 1068
3380 298 1461
3381 1458 1463
3382 138 139
3383 1466 1467
3384 1474 1475
3385 1832 1838
3386 1474 1478
3387 1474 1479
3388 282 1483
3389 138 1485
3390 138 1486
3391 1482 1487
3392 1482 1488
3393 242 1163
3394 1490 1491
3395 1490 1492
3396 1490 1493
3397 330 1494
3398 986 989
3399 986 990
3400 1226 1230
3401 994 995
3402 994 999
3403 994 1000
3404 458 1001
3405 1002 1003
3406 1002 1004
3407 1010 1011
3408 1010 1014
3409 1010 1015
3410 114 1016
3411 82 1017
3412 1018 1019
3413 450 1021
3414 114 1022
3415 1026 1027
3416 442 1029
3417 1026 1030
3418 442 1033
3419 1034 1035
3420 1034 1039
3421 1034 1040
3422 1042 1043
3423 506 849
3424 426 1050
3425 1050 1051
3426 442 1053
3427 426 1054
3428 1050 1055
3429 442 1058
3430 434 1061
3431 434 1062
3432 1058 1063
3433 1058 1064
3434 1066 1067
3435 98 1068
3436 1066 1069
3437 98 1071
3438 1074 1075
3439 426 1077
3440 426 1078
3441 1074 1079
3442 1074 1080
3443 418 1082
3444 418 1083
3445 1082 1084
3446 1234 1236
3447 1090 1091
3448 1090 1094
3449 1090 1095
3450 1098 1099
3451 410 1101
3452 410 1102
3453 418 1103
3454 1106 1109
3455 1106 1110
3456 1114 1115
3457 1114 1119
3458 1114 1120
3459 1122 1123
3460 1122 1124
3461 106 1125
3462 106 1128
3463 1130 1131
3464 1130 1134
3465 1130 1135
3466 122 1136
3467 1138 1139
3468 410 1141
3469 122 1142
3470 274 1143
3471 1146 1147
3472 402 1149
3473 1082 1083
3474 402 1153
3475 1154 1155
3476 1154 1159
3477 1154 1160
3478 242 1162
3479 1162 1163
3480 394 1165
3481 394 1167
3482 1170 1171
3483 402 1173
3484 1170 1174
3485 402 1177
3486 1178 1179
3487 1282 1283
3488 1186 1187
3489 130 1189
3490 1186 1190
3491 130 1193
3492 1714 1715
3493 1194 1195
3494 394 1196
3495 474 930
3496 18 473
3497 474 931
3498 1202 1203
3499 1202 1205
3500 1202 1206
3501 1210 1211
3502 1210 1213
3503 1210 1214
3504 1218 1220
3505 1218 1221
3506 1226 1227
3507 378 1230
3508 1226 1231
3509 74 1233
3510 1234 1235
3511 52 693
3512 1234 1237
3513 466 951
3514 138 1242
3515 570 687
3516 570 688
3517 1554 1733
3518 199 1719
3519 1726 914
3520 250 1213
3521 1692 1806
3522 250 1214
3523 386 1230
3524 620 1740
3525 643 1740
3526 1751 1750
3527 578 688
3528 914 1725
3529 818 823
3530 210 976
3531 1074 1771
3532 1666 1855
3533 1458 1459
3534 1314 1783
3535 1319 1784
3536 1316 1783
3537 1787 1802
3538 1578 1579
3539 266 1788
3540 1338 1792
3541 1338 1793
3542 351 1794
3543 290 1795
3544 1498 1502
3545 1498 1503
3546 1506 1507
3547 130 1508
3548 346 1512
3549 1514 1515
3550 1514 1517
3551 1514 1518
3552 1522 1523
3553 162 1525
3554 1522 1527
3555 1522 1528
3556 122 1529
3557 122 1530
3558 346 1515
3559 146 1537
3560 1538 1539
3561 146 1541
3562 1538 1542
3563 1538 1543
3564 1546 1547
3565 114 1550
3566 370 1551
3567 1599 1852
3568 1554 1555
3569 90 1556
3570 434 1562
3571 1562 1565
3572 1562 1566
3573 1570 1571
3574 234 1572
3575 1570 1575
3576 1570 1576
3577 226 1578
3578 226 1579
3579 1578 1580
3580 1586 1587
3581 1586 1590
3582 1586 1591
3583 66 1593
3584 66 1594
3585 1594 1595
3586 458 1598
3587 90 1600
3588 90 1601
3589 1602 1605
3590 530 1645
3591 1610 1611
3592 1610 1615
3593 1610 1616
3594 1626 1627
3595 1626 1630
3596 1626 1631
3597 1634 1635
3598 39 1636
3599 39 1637
3600 530 1642
3601 1642 1644
3602 1642 1645
3603 66 1650
3604 1650 1651
3605 66 1655
3606 1650 1656
3607 1658 1659
3608 44 1660
3609 1666 1669
3610 1666 1670
3611 1674 1675
3612 186 1676
3613 58 1677
3614 1674 1679
3615 1674 1680
3616 1682 1683
3617 1682 1684
3618 146 1327
3619 58 1692
3620 44 1693
3621 44 1694
3622 1698 1701
3623 1698 1702
3624 386 1231
3625 1706 1707
3626 33 1709
3627 33 1710
3628 1706 1711
3629 1706 1712
3630 570 1713
3631 52 1615
3632 1714 1716
3633 1714 1717
3634 90 1555
3635 226 227
3636 1812 1814
3637 234 235
3638 250 1827
3639 242 243
3640 1258 1261
3641 18 247
3642 1666 1854
3643 1602 1604
3644 3 258
3645 258 259
3646 266 267
3647 162 268
3648 44 1659
3649 23 274
3650 130 1507
3651 282 283
3652 290 291
3653 178 607
3654 28 299
3655 28 306
3656 28 314
3657 314 315
3658 28 321
3659 322 323
3660 28 328
3661 330 331
3662 23 334
3663 338 339
3664 23 341
3665 346 347
3666 354 355
3667 44 45
3668 362 363
3669 1690 1691
3670 114 1551
3671 370 377
3672 13 378
3673 378 379
3674 378 385
3675 394 395
3676 450 1022
3677 18 397
3678 23 398
3679 402 403
3680 18 404
3681 410 411
3682 418 419
3683 426 427
3684 434 435
3685 442 443
3686 82 445
3687 450 451
3688 1146 1149
3689 1146 1150
3690 458 465
3691 18 466
3692 466 467
3693 466 473
3694 474 475
3695 1386 1800
3696 1386 1801
3697 120 1773
3698 1768 1769
3699 1618 1804
3700 58 1805
3701 1809 1764
3702 1690 1808
3703 1714 1810
3704 33 34
3705 8 36
3706 418 1101
3707 39 40
3708 58 1676
3709 562 1820
3710 738 1822
3711 1599 1823
3712 13 68
3713 82 83
3714 250 1826
3715 3 88
3716 958 1827
3717 52 95
3718 98 99
3719 18 102
3720 362 1311
3721 106 107
3722 1178 1835
3723 1178 1836
3724 362 1312
3725 114 115
3726 3 119
3727 1838 1837
3728 122 123
3729 23 128
3730 130 131
3731 74 141
3732 186 667
3733 146 147
3734 3 148
3735 154 155
3736 58 59
3737 474 1848
3738 218 1039
3739 28 163
3740 218 1040
3741 410 1142
3742 170 171
3743 274 398
3744 178 179
3745 1855 1856
3746 8 183
3747 186 187
3748 1681 1857
3749 330 1379
3750 52 193
3751 570 1707
3752 194 195
3753 170 197
3754 202 203
3755 74 206
3756 210 211
3757 13 213
3758 3 214
3759 218 219
3760 730 735
3761 730 736
3762 546 738
3763 322 1399
3764 538 741
3765 538 742
3766 322 1400
3767 746 747
3768 746 748
3769 746 749
3770 538 750
3771 538 754
3772 522 755
3773 754 758
3774 754 759
3775 522 760
3776 530 761
3777 530 762
3778 762 763
3779 74 766
3780 770 771
3781 210 772
3782 770 773
3783 770 774
3784 66 67
3785 210 776
3786 778 779
3787 522 781
3788 522 782
3789 778 783
3790 778 784
3791 514 787
3792 226 789
3793 794 795
3794 794 798
3795 794 799
3796 802 803
3797 178 806
3798 178 807
3799 506 808
3800 810 812
3801 810 813
3802 394 1195
3803 818 819
3804 698 700
3805 818 824
3806 826 827
3807 218 835
3808 834 837
3809 834 838
3810 218 839
3811 842 843
3812 842 847
3813 842 848
3814 82 849
3815 850 851
3816 850 852
3817 498 853
3818 498 856
3819 858 859
3820 858 861
3821 858 862
3822 234 866
3823 106 941
3824 498 872
3825 874 875
3826 498 876
3827 874 878
3828 874 879
3829 490 882
3830 882 883
3831 298 1467
3832 890 891
3833 1650 1655
3834 890 893
3835 890 894
3836 98 896
3837 898 899
3838 98 901
3839 898 903
3840 898 904
3841 906 907
3842 482 910
3843 202 912
3844 202 913
3845 922 923
3846 922 926
3847 922 927
3848 466 930
3849 930 931
3850 482 935
3851 242 936
3852 242 937
3853 938 940
3854 938 941
3855 1026 1029
3856 106 945
3857 946 947
3858 946 951
3859 946 952
3860 306 1467
3861 954 955
3862 434 1566
3863 250 958
3864 194 715
3865 962 964
3866 962 965
3867 970 971
3868 970 975
3869 970 976
3870 210 977
3871 978 979
3872 450 981
3873 450 982
3874 490 1600
3875 1394 1399
3876 490 491
3877 498 499
3878 258 1043
3879 82 506
3880 8 513
3881 506 514
3882 514 515
3883 8 520
3884 138 1238
3885 522 523
3886 13 527
3887 530 531
3888 13 535
3889 538 539
3890 226 787
3891 546 552
3892 554 555
3893 562 563
3894 33 611
3895 570 571
3896 90 91
3897 298 299
3898 8 582
3899 8 586
3900 586 587
3901 586 593
3902 594 595
3903 594 596
3904 594 597
3905 1458 1464
3906 602 606
3907 602 607
3908 610 611
3909 33 612
3910 178 613
3911 586 614
3912 618 619
3913 618 621
3914 618 622
3915 626 627
3916 626 628
3917 626 629
3918 170 631
3919 634 635
3920 39 636
3921 634 637
3922 39 639
3923 642 645
3924 642 646
3925 650 651
3926 650 653
3927 650 654
3928 658 659
3929 578 662
3930 658 663
3931 658 664
3932 666 667
3933 562 669
3934 562 671
3935 674 675
3936 674 678
3937 674 679
3938 682 687
3939 682 688
3940 690 691
3941 170 692
3942 194 693
3943 194 694
3944 13 385
3945 554 698
3946 698 699
3947 554 700
3948 698 701
3949 202 702
3950 314 1426
3951 202 706
3952 706 710
3953 706 711
3954 714 715
3955 194 716
3956 546 717
3957 554 719
3958 554 722
3959 722 725
3960 722 726
3961 274 341
3962 730 731
3963 275 1215
3964 1499 1504
3965 1499 1505
3966 131 1506
3967 131 1507
3968 1507 1508
3969 347 1515
3970 1515 1518
3971 1515 1519
3972 1523 1524
3973 1523 1528
3974 1523 1529
3975 1531 1532
3976 1531 1533
3977 1539 1540
3978 147 1541
3979 1539 1543
3980 1539 1544
3981 147 1546
3982 1547 1548
3983 115 1549
3984 115 1550
3985 91 1554
3986 91 1555
3987 1555 1556
3988 163 1405
3989 1563 1564
3990 435 1566
3991 235 1567
3992 1563 1568
3993 435 1571
3994 235 1572
3995 34 612
3996 1571 1576
3997 1571 1577
3998 227 1578
3999 1579 1580
4000 1579 1581
4001 1579 1582
4002 1667 1671
4003 1587 1591
4004 1587 1592
4005 67 1593
4006 1595 1596
4007 491 1600
4008 91 1601
4009 491 1602
4010 91 1603
4011 1603 1604
4012 1603 1606
4013 251 1274
4014 1611 1612
4015 1611 1616
4016 1611 1617
4017 75 1619
4018 1824 386
4019 1619 1621
4020 1627 1628
4021 1627 1631
4022 1627 1632
4023 1635 1636
4024 411 417
4025 531 1645
4026 1643 1646
4027 1643 1647
4028 531 1649
4029 1651 1652
4030 67 1655
4031 1651 1656
4032 1651 1657
4033 45 1658
4034 45 1659
4035 1659 1660
4036 1667 1668
4037 187 1671
4038 1667 1672
4039 187 1676
4040 1675 1680
4041 1675 1681
4042 53 1682
4043 1683 1684
4044 1683 1685
4045 1683 1686
4046 1123 1125
4047 45 1694
4048 45 1696
4049 1699 1700
4050 1699 1703
4051 1699 1704
4052 34 1708
4053 34 1709
4054 1707 1712
4055 1707 1713
4056 1715 1717
4057 1715 1718
4058 1722 1723
4059 1720 1721
4060 920 1729
4061 139 1484
4062 1854 1855
4063 579 1740
4064 634 1747
4065 643 1749
4066 1749 1740
4067 666 1750
4068 667 1751
4069 1752 1753
4070 1752 1754
4071 171 1755
4072 1762 737
4073 499 1765
4074 1765 1766
4075 99 892
4076 1774 1091
4077 1776 228
4078 1770 1771
4079 45 46
4080 1772 1773
4081 1075 1772
4082 1334 1788
4083 1776 1775
4084 547 1817
4085 123 1136
4086 155 1777
4087 1299 1780
4088 259 1332
4089 339 1372
4090 259 1333
4091 1784 1783
4092 1797 343
4093 1336 1789
4094 1339 1794
4095 291 1796
4096 987 991
4097 987 992
4098 995 1000
4099 995 1001
4100 1003 1004
4101 1003 1005
4102 1003 1006
4103 115 1011
4104 83 1012
4105 1011 1015
4106 1011 1016
4107 83 1017
4108 1619 1620
4109 1019 1020
4110 451 1022
4111 323 1401
4112 1027 1028
4113 1027 1030
4114 1027 1031
4115 443 1033
4116 1035 1036
4117 259 1037
4118 443 1038
4119 219 1039
4120 1035 1040
4121 1035 1041
4122 259 1043
4123 75 76
4124 227 787
4125 427 1047
4126 427 1050
4127 1051 1052
4128 1051 1055
4129 1051 1056
4130 443 1058
4131 1059 1060
4132 435 1062
4133 435 1063
4134 443 1064
4135 99 1066
4136 99 1068
4137 1067 1069
4138 1067 1070
4139 355 1786
4140 427 1078
4141 427 1079
4142 1075 1080
4143 1075 1081
4144 267 1082
4145 419 1083
4146 1083 1084
4147 419 1085
4148 1083 1086
4149 53 54
4150 579 644
4151 1091 1095
4152 1099 1100
4153 411 1101
4154 419 1103
4155 419 1106
4156 1107 1108
4157 1107 1111
4158 1107 1112
4159 1115 1120
4160 1115 1121
4161 107 1123
4162 1123 1124
4163 107 1125
4164 1123 1126
4165 123 1131
4166 123 1528
4167 1131 1135
4168 1131 1136
4169 1139 1140
4170 411 1142
4171 1147 1148
4172 1147 1150
4173 1147 1151
4174 403 1153
4175 1155 1156
4176 123 1529
4177 403 1158
4178 1155 1160
4179 1155 1161
4180 243 1162
4181 395 1164
4182 395 1165
4183 1171 1172
4184 1171 1174
4185 1171 1175
4186 403 1177
4187 403 1179
4188 131 1185
4189 219 1038
4190 131 1189
4191 1187 1190
4192 1187 1191
4193 1195 1196
4194 395 1197
4195 387 1198
4196 1203 1206
4197 1203 1207
4198 1211 1214
4199 1211 1215
4200 387 1216
4201 459 981
4202 1219 1220
4203 1219 1222
4204 1219 1223
4205 379 1226
4206 1227 1228
4207 379 1230
4208 1227 1231
4209 1227 1232
4210 139 1235
4211 1235 1237
4212 1235 1238
4213 1323 1328
4214 1243 1244
4215 1243 1248
4216 1243 1249
4217 1251 1252
4218 371 1254
4219 1563 1567
4220 1259 1262
4221 1259 1263
4222 1267 1268
4223 1267 1272
4224 1267 1273
4225 283 1274
4226 363 1275
4227 1275 1276
4228 1275 1277
4229 29 1713
4230 1283 1284
4231 1283 1287
4232 1283 1288
4233 1291 1292
4234 1299 1300
4235 1299 1303
4236 1299 1304
4237 1307 1308
4238 363 1312
4239 1315 1317
4240 1315 1318
4241 355 1323
4242 1323 1324
4243 147 1327
4244 355 1328
4245 1323 1329
4246 1331 1332
4247 147 1333
4248 267 1334
4249 347 1337
4250 347 1338
4251 1339 1340
4252 291 1341
4253 395 1196
4254 339 1348
4255 211 976
4256 1347 1351
4257 339 1352
4258 1355 1356
4259 1355 1360
4260 1355 1361
4261 1363 1364
4262 1363 1365
4263 323 1369
4264 1371 1372
4265 323 1373
4266 1371 1375
4267 1371 1376
4268 339 1377
4269 1379 1380
4270 331 1381
4271 1387 1388
4272 1387 1390
4273 1387 1391
4274 1395 1396
4275 291 1398
4276 299 1399
4277 1395 1400
4278 1395 1401
4279 1403 1404
4280 315 1405
4281 315 1406
4282 1411 1412
4283 1411 1415
4284 1411 1416
4285 1419 1424
4286 1419 1425
4287 315 1426
4288 1427 1428
4289 1427 1429
4290 1427 1430
4291 787 788
4292 1435 1439
4293 1435 1440
4294 307 1441
4295 1443 1444
4296 155 1447
4297 1451 1452
4298 1451 1454
4299 1451 1455
4300 1459 1460
4301 1459 1464
4302 1459 1465
4303 299 1467
4304 307 1468
4305 1475 1476
4306 379 1248
4307 283 1478
4308 1475 1479
4309 1475 1480
4310 379 1249
4311 283 1483
4312 1483 1484
4313 139 1485
4314 163 1489
4315 235 863
4316 1491 1493
4317 1491 1494
4318 1187 1188
4319 331 1498
4320 1499 1500
4321 483 484
4322 483 490
4323 491 492
4324 347 1519
4325 75 507
4326 507 508
4327 275 1425
4328 227 514
4329 515 516
4330 1347 1350
4331 523 524
4332 139 1238
4333 531 532
4334 291 1404
4335 9 534
4336 539 540
4337 9 541
4338 53 547
4339 547 548
4340 555 556
4341 9 558
4342 491 882
4343 563 564
4344 9 565
4345 547 1682
4346 29 571
4347 571 578
4348 579 580
4349 587 588
4350 29 592
4351 587 593
4352 587 594
4353 595 597
4354 595 598
4355 179 602
4356 603 604
4357 179 607
4358 603 608
4359 603 609
4360 611 612
4361 34 613
4362 587 614
4363 587 616
4364 579 617
4365 579 620
4366 619 622
4367 619 623
4368 627 629
4369 627 630
4370 171 631
4371 171 632
4372 635 636
4373 635 637
4374 635 638
4375 579 643
4376 643 644
4377 651 652
4378 651 654
4379 651 655
4380 659 660
4381 187 661
4382 659 664
4383 659 665
4384 187 667
4385 563 668
4386 563 669
4387 675 676
4388 675 679
4389 675 680
4390 683 684
4391 475 932
4392 571 688
4393 171 692
4394 195 694
4395 195 696
4396 203 699
4397 555 700
4398 699 701
4399 699 702
4400 555 703
4401 707 708
4402 707 712
4403 195 714
4404 195 715
4405 715 716
4406 555 722
4407 467 952
4408 723 724
4409 555 726
4410 723 727
4411 723 728
4412 547 732
4413 331 1380
4414 731 736
4415 731 737
4416 739 740
4417 539 742
4418 539 743
4419 747 749
4420 747 750
4421 523 751
4422 539 754
4423 523 755
4424 755 756
4425 1170 1831
4426 539 759
4427 755 760
4428 755 761
4429 531 762
4430 531 763
4431 763 764
4432 323 1400
4433 771 774
4434 771 775
4435 211 776
4436 779 780
4437 211 781
4438 523 782
4439 523 783
4440 779 784
4441 779 785
4442 515 787
4443 515 788
4444 787 789
4445 795 796
4446 795 799
4447 795 800
4448 803 804
4449 179 805
4450 179 806
4451 515 808
4452 515 810
4453 811 812
4454 371 1275
4455 811 814
4456 811 815
4457 819 820
4458 507 823
4459 819 824
4460 819 825
4461 827 828
4462 835 836
4463 219 839
4464 835 840
4465 83 843
4466 219 844
4467 315 1428
4468 843 848
4469 843 849
4470 851 852
4471 851 853
4472 851 854
4473 499 856
4474 859 862
4475 859 863
4476 235 866
4477 867 868
4478 867 869
4479 875 876
4480 875 879
4481 875 880
4482 499 881
4483 483 882
4484 491 883
4485 883 884
4486 891 892
4487 891 894
4488 891 895
4489 99 896
4490 899 900
4491 483 902
4492 899 904
4493 899 905
4494 203 911
4495 203 912
4496 915 916
4497 915 917
4498 923 924
4499 467 925
4500 923 927
4501 923 928
4502 467 930
4503 475 931
4504 931 932
4505 243 937
4506 107 938
4507 243 939
4508 939 940
4509 107 941
4510 939 942
4511 939 943
4512 947 948
4513 467 951
4514 947 952
4515 947 953
4516 955 956
4517 459 960
4518 963 964
4519 963 966
4520 963 967
4521 971 972
4522 211 975
4523 971 976
4524 971 977
4525 979 980
4526 451 981
4527 243 1161
4528 987 988
4529 1799 1800
4530 53 1681
4531 21 1787
4532 551 1809
4533 1691 1809
4534 713 1763
4535 29 30
4536 59 1676
4537 1716 1812
4538 34 35
4539 547 1816
4540 835 839
4541 9 43
4542 91 92
4543 732 1821
4544 83 84
4545 959 1828
4546 99 100
4547 107 108
4548 1178 1834
4549 1834 1835
4550 115 116
4551 123 124
4552 1843 1840
4553 131 132
4554 1083 1085
4555 147 148
4556 1204 1839
4557 331 1494
4558 251 980
4559 475 1849
4560 163 164
4561 283 1268
4562 478 1852
4563 179 180
4564 9 185
4565 59 186
4566 499 876
4567 187 188
4568 139 140
4569 53 1817
4570 1821 542
4571 195 196
4572 571 1713
4573 203 204
4574 83 849
4575 211 212
4576 219 220
4577 67 221
4578 235 236
4579 1643 1644
4580 243 244
4581 115 1016
4582 251 252
4583 259 260
4584 1603 1607
4585 1839 1840
4586 275 276
4587 251 282
4588 283 284
4589 291 292
4590 155 293
4591 299 306
4592 307 308
4593 163 314
4594 315 316
4595 299 321
4596 323 324
4597 163 328
4598 331 332
4599 1831 1174
4600 339 340
4601 347 348
4602 267 352
4603 355 356
4604 1857 1858
4605 385 1824
4606 1675 1857
4607 363 371
4608 371 372
4609 379 380
4610 387 388
4611 395 396
4612 403 404
4613 267 417
4614 419 420
4615 203 702
4616 427 428
4617 75 1577
4618 435 436
4619 75 437
4620 443 444
4621 507 1619
4622 227 452
4623 451 459
4624 459 460
4625 29 608
4626 467 468
4627 475 476
4628 915 1728
4629 1117 1730
4630 1116 1730
4631 508 1619
4632 1554 1737
4633 324 1401
4634 508 1621
4635 324 1402
4636 2 1719
4637 340 1377
4638 1735 1734
4639 68 786
4640 92 1737
4641 1807 1808
4642 1743 1744
4643 620 1741
4644 1741 624
4645 628 1743
4646 356 1786
4647 628 1744
4648 68 69
4649 1747 1748
4650 172 1750
4651 692 1754
4652 196 1756
4653 196 1757
4654 1760 1759
4655 695 1758
4656 308 1441
4657 396 1197
4658 316 1431
4659 865 1753
4660 1754 1755
4661 1751 1738
4662 1091 1775
4663 1075 1771
4664 1773 1802
4665 1100 1776
4666 1778 1777
4667 1780 1781
4668 1783 1782
4669 1316 1784
4670 1314 1782
4671 1307 1739
4672 353 1785
4673 1228 1232
4674 1739 1785
4675 356 1787
4676 260 1032
4677 1824 739
4678 289 1801
4679 308 1470
4680 1500 1501
4681 332 1503
4682 1500 1505
4683 1500 1506
4684 1508 1509
4685 156 1510
4686 260 1037
4687 1516 1517
4688 348 1519
4689 1516 1520
4690 84 85
4691 348 1524
4692 124 1527
4693 124 1528
4694 1524 1529
4695 1524 1530
4696 364 1531
4697 1532 1533
4698 1532 1534
4699 1532 1535
4700 1540 1544
4701 1540 1545
4702 148 1546
4703 116 1548
4704 1548 1549
4705 252 1274
4706 1816 1817
4707 92 1554
4708 236 1563
4709 132 1506
4710 1564 1565
4711 236 1567
4712 1564 1568
4713 1564 1569
4714 436 1571
4715 1572 1573
4716 148 1333
4717 436 1577
4718 452 1578
4719 1580 1582
4720 1580 1583
4721 1588 1593
4722 1588 1589
4723 220 500
4724 1588 1594
4725 1596 1597
4726 60 1599
4727 492 1602
4728 92 1603
4729 1604 1605
4730 92 1606
4731 1604 1607
4732 1604 1608
4733 1612 1613
4734 1612 1617
4735 1612 1618
4736 76 1619
4737 76 1620
4738 1620 1621
4739 1620 1622
4740 1620 1623
4741 92 93
4742 1628 1632
4743 1628 1633
4744 40 1635
4745 40 1636
4746 1636 1637
4747 1644 1645
4748 1644 1647
4749 1644 1648
4750 532 1649
4751 1652 1653
4752 532 1654
4753 1652 1657
4754 1652 1658
4755 188 1667
4756 1668 1669
4757 188 1671
4758 1668 1672
4759 1668 1673
4760 1676 1677
4761 1044 1045
4762 54 1680
4763 54 1681
4764 54 1682
4765 54 1683
4766 548 1684
4767 1684 1686
4768 1684 1687
4769 452 453
4770 76 1576
4771 76 1577
4772 1700 1701
4773 1700 1704
4774 1700 1705
4775 1708 1709
4776 1716 1717
4777 19 1721
4778 1727 1728
4779 1729 1723
4780 1728 917
4781 1721 1727
4782 1313 1782
4783 1244 1245
4784 68 1248
4785 1244 1249
4786 1244 1250
4787 1252 1253
4788 372 1254
4789 372 1255
4790 1176 1834
4791 1260 1261
4792 284 1263
4793 1260 1264
4794 1260 1265
4795 284 1268
4796 1268 1273
4797 1268 1274
4798 372 1275
4799 1276 1277
4800 1276 1278
4801 1276 1279
4802 392 1838
4803 1284 1288
4804 1284 1289
4805 364 1290
4806 472 1727
4807 1300 1301
4808 1300 1304
4809 1300 1305
4810 500 507
4811 1308 1309
4812 1316 1317
4813 1316 1319
4814 1316 1320
4815 108 109
4816 1324 1325
4817 220 444
4818 356 1328
4819 1324 1329
4820 1324 1330
4821 260 1331
4822 260 1332
4823 1332 1333
4824 348 1338
4825 348 1339
4826 292 1341
4827 156 1342
4828 1348 1349
4829 340 1352
4830 1348 1353
4831 340 1357
4832 1356 1361
4833 1356 1362
4834 1364 1365
4835 324 1366
4836 1364 1367
4837 324 1369
4838 1372 1376
4839 1372 1377
4840 308 1442
4841 1380 1381
4842 332 1382
4843 340 1383
4844 1388 1389
4845 1388 1391
4846 1388 1392
4847 548 1682
4848 1396 1397
4849 1396 1401
4850 1396 1402
4851 292 1404
4852 164 1405
4853 316 1406
4854 164 1407
4855 316 1408
4856 1412 1413
4857 1412 1416
4858 1412 1417
4859 1420 1421
4860 276 1424
4861 276 1425
4862 316 1428
4863 1428 1430
4864 1428 1431
4865 1436 1437
4866 300 1441
4867 1436 1442
4868 1444 1445
4869 1845 1232
4870 1452 1455
4871 1452 1456
4872 1460 1461
4873 300 1462
4874 1460 1465
4875 1460 1466
4876 308 1468
4877 1468 1469
4878 1468 1470
4879 284 1474
4880 1476 1477
4881 284 1478
4882 1476 1480
4883 1476 1481
4884 140 1483
4885 14 437
4886 1484 1485
4887 164 1489
4888 1492 1493
4889 244 1161
4890 1492 1496
4891 332 1498
4892 988 989
4893 1745 1810
4894 988 993
4895 452 996
4896 996 997
4897 1004 1006
4898 1004 1007
4899 84 1008
4900 116 1011
4901 84 1012
4902 1012 1013
4903 172 665
4904 1012 1017
4905 1012 1018
4906 172 666
4907 1020 1021
4908 1028 1031
4909 1028 1032
4910 1036 1037
4911 444 1038
4912 1036 1041
4913 1036 1042
4914 428 1045
4915 1044 1046
4916 428 1047
4917 1052 1053
4918 1052 1056
4919 1052 1057
4920 1060 1061
4921 436 1063
4922 444 1064
4923 100 1065
4924 100 1066
4925 1068 1069
4926 1068 1071
4927 1068 1072
4928 1076 1077
4929 428 1079
4930 428 1080
4931 252 1273
4932 420 1085
4933 1084 1086
4934 1084 1087
4935 420 1088
4936 1092 1093
4937 1092 1096
4938 1092 1097
4939 188 656
4940 228 1100
4941 420 1106
4942 1108 1109
4943 420 1110
4944 1108 1112
4945 1108 1113
4946 1116 1117
4947 412 1118
4948 108 1122
4949 188 661
4950 1124 1126
4951 1124 1127
4952 124 1131
4953 1132 1133
4954 1132 1137
4955 1132 1138
4956 1140 1141
4957 1148 1151
4958 1148 1152
4959 1156 1157
4960 404 1158
4961 244 1160
4962 1156 1161
4963 1156 1162
4964 268 1163
4965 396 1164
4966 1164 1165
4967 1164 1166
4968 1172 1173
4969 1172 1175
4970 1172 1176
4971 404 1179
4972 1180 1181
4973 1180 1182
4974 132 1185
4975 1436 1441
4976 1188 1189
4977 1188 1191
4978 1188 1192
4979 172 1814
4980 1196 1197
4981 388 1198
4982 388 1199
4983 1204 1205
4984 1204 1208
4985 276 1211
4986 1212 1213
4987 276 1215
4988 388 1216
4989 388 1218
4990 1220 1221
4991 380 1222
4992 1220 1223
4993 1220 1224
4994 380 1226
4995 140 141
4996 1228 1229
4997 116 1007
4998 140 1233
4999 140 1235
5000 1236 1237
5001 1236 1239
5002 1236 1240
5003 732 733
5004 140 1484
5005 60 738
5006 740 741
5007 540 743
5008 540 744
5009 524 748
5010 748 749
5011 524 751
5012 748 752
5013 756 757
5014 540 759
5015 756 761
5016 756 762
5017 532 763
5018 532 764
5019 764 765
5020 772 773
5021 772 776
5022 772 777
5023 212 781
5024 524 783
5025 524 784
5026 780 785
5027 780 786
5028 516 788
5029 788 789
5030 516 790
5031 788 791
5032 1858 1817
5033 1292 1293
5034 796 800
5035 796 801
5036 180 804
5037 804 805
5038 516 810
5039 812 813
5040 812 815
5041 812 816
5042 820 821
5043 700 703
5044 508 824
5045 820 825
5046 820 826
5047 836 837
5048 84 838
5049 836 840
5050 836 841
5051 180 805
5052 84 843
5053 220 844
5054 844 845
5055 852 854
5056 852 855
5057 236 859
5058 860 861
5059 236 863
5060 116 1549
5061 868 869
5062 868 870
5063 868 871
5064 484 877
5065 876 880
5066 876 881
5067 484 882
5068 492 883
5069 492 884
5070 884 885
5071 228 887
5072 228 888
5073 100 889
5074 100 892
5075 892 895
5076 892 896
5077 900 901
5078 484 902
5079 484 903
5080 900 905
5081 900 906
5082 908 909
5083 908 910
5084 908 911
5085 916 917
5086 916 918
5087 916 919
5088 748 751
5089 468 921
5090 468 925
5091 924 928
5092 924 929
5093 476 932
5094 932 933
5095 108 936
5096 196 713
5097 108 938
5098 244 939
5099 940 941
5100 244 942
5101 940 943
5102 940 944
5103 948 949
5104 468 952
5105 948 953
5106 948 954
5107 164 1490
5108 460 960
5109 460 961
5110 964 965
5111 964 967
5112 964 968
5113 972 973
5114 252 974
5115 212 975
5116 972 977
5117 972 978
5118 252 980
5119 460 981
5120 460 983
5121 476 477
5122 60 479
5123 484 485
5124 492 493
5125 14 500
5126 500 501
5127 14 507
5128 508 509
5129 516 517
5130 212 521
5131 524 525
5132 68 527
5133 532 533
5134 540 541
5135 60 546
5136 548 549
5137 556 557
5138 564 572
5139 572 573
5140 1850 1851
5141 580 581
5142 588 589
5143 588 594
5144 588 596
5145 596 597
5146 180 598
5147 596 599
5148 596 600
5149 180 602
5150 604 605
5151 604 609
5152 604 610
5153 612 613
5154 580 615
5155 588 616
5156 580 617
5157 588 619
5158 620 621
5159 620 624
5160 628 629
5161 40 633
5162 268 1362
5163 40 636
5164 636 638
5165 636 639
5166 132 1505
5167 580 644
5168 644 645
5169 572 647
5170 1516 1521
5171 652 655
5172 652 656
5173 660 661
5174 660 665
5175 660 666
5176 564 668
5177 668 669
5178 668 670
5179 676 677
5180 676 680
5181 676 681
5182 684 685
5183 196 696
5184 204 697
5185 204 699
5186 700 701
5187 556 703
5188 700 704
5189 556 707
5190 708 709
5191 708 712
5192 708 713
5193 196 714
5194 724 725
5195 556 726
5196 724 728
5197 724 729
5198 556 731
5199 548 732
5200 228 229
5201 108 1123
5202 236 237
5203 4 241
5204 244 245
5205 252 253
5206 548 733
5207 148 258
5208 260 261
5209 4 268
5210 268 269
5211 1670 1855
5212 276 277
5213 24 281
5214 284 285
5215 300 301
5216 300 307
5217 308 309
5218 24 313
5219 316 317
5220 24 320
5221 500 823
5222 324 325
5223 292 327
5224 332 333
5225 156 335
5226 340 341
5227 292 342
5228 1492 1495
5229 156 344
5230 348 349
5231 540 765
5232 124 1127
5233 364 365
5234 372 373
5235 68 378
5236 380 381
5237 24 384
5238 508 823
5239 24 387
5240 476 1851
5241 388 389
5242 396 398
5243 516 813
5244 19 405
5245 788 790
5246 412 413
5247 420 421
5248 1661 1815
5249 500 844
5250 428 429
5251 436 437
5252 204 910
5253 14 444
5254 204 911
5255 380 1249
5256 988 992
5257 380 1250
5258 460 461
5259 212 465
5260 468 469
5261 19 472
5262 343 1789
5263 289 1795
5264 436 1064
5265 1067 1770
5266 1691 1808
5267 1806 1807
5268 736 1764
5269 1689 1806
5270 1808 1809
5271 1348 1352
5272 172 1813
5273 372 1277
5274 1716 1811
5275 173 1814
5276 667 1750
5277 40 41
5278 691 1819
5279 220 1038
5280 738 1823
5281 492 1605
5282 1816 1821
5283 543 1822
5284 54 55
5285 60 1823
5286 412 1117
5287 14 75
5288 76 77
5289 580 645
5290 1828 1829
5291 100 101
5292 19 103
5293 4 109
5294 1835 1836
5295 116 117
5296 124 125
5297 4 127
5298 1212 1842
5299 1841 1842
5300 1842 1826
5301 132 133
5302 572 668
5303 24 135
5304 1229 1843
5305 1228 1844
5306 1844 1229
5307 741 742
5308 1116 1720
5309 156 157
5310 4 162
5311 476 1850
5312 164 165
5313 476 933
5314 172 173
5315 180 181
5316 1736 1737
5317 188 189
5318 132 1182
5319 204 205
5320 1364 1366
5321 468 953
5322 332 1381
5323 14 220
5324 1100 1775
5325 1779 1780
5326 1800 1801
5327 1340 1794
5328 1803 1614
5329 632 1746
5330 637 1747
5331 1746 1755
5332 171 1746
5333 50 1759
5334 1758 1759
5335 1756 696
5336 1847 1848
5337 473 1847
5338 474 1847
5339 110 1829
5340 1829 1830
5341 689 1818
5342 690 1818
5343 1819 1820
5344 155 1798
5345 1730 1720
5346 909 1724
5347 881 1768
5348 1765 881
5349 864 1753
5350 1767 864
5351 1805 59
5352 1820 564
5353 1836 102
5354 1830 1186
5355 1186 1837
